0.6450734322055699
0.9358746234122064
0.14951322664490152
0.4354059218185691
0.6495452333799888
0.12738752609518167
0.6667781257052722
0.20592841696758968
0.5547342969321761
0.470969542197475
0.4040218985387771
0.4299791627113172
0.8061058713850233
0.18250220776074877
0.828991374987729
0.6254461524014497
0.19891611592773717
0.051963255076127646
0.8128908102640768
0.25645034541492784
0.22560571539143237
0.473536586224246
0.8751385612132979
0.3141858579165435
0.3035618436175995
0.33537795761889755
0.5213707114093625
0.3977424908543289
0.21068969570558815
0.131203686954254
0.41061027722671795
0.3430812493104439
0.4064851676179255
0.21736285049664328
0.16671861270137467
0.5681788817250912
0.5190205343017712
0.09003777768702093
0.6742196479219156
0.20284935235935186
0.6920890713620297
0.8276679919558623
0.6167025280770224
0.22107399225408508
0.1870024427076975
0.10353308905922354
0.07877865508671245
0.449789739814038
0.10444449532800915
0.5588689397481889
0.15214633119514676
0.3409212584855439
0.6825669071603852
0.41738610737559934
0.44708222433799394
0.792575234762374
0.26638302865584285
0.6228608394345108
0.4724317534937752
0.19870323209094898
0.17977394349766684
0.36890688190479115
0.36343849082177493
0.5737112995493585
0.3454424061982111
0.5041999335133819
0.19096663604750308
0.3706035875273319
0.43847248537619943
0.045148783357452094
0.29830606888968747
0.6401871084345714
0.6562474046442667
0.40234358854798713
0.6808081573239974
0.6536346145194123
0.6142246677948601
0.36907337137670004
0.3549882631834027
0.11163723285614513
0.8590637342971371
0.8957973008998779
0.35590378172433135
0.06688141745378673
0.5712073003262131
0.04471203881272312
0.8492904728683702
0.6043365323175158
0.36901658498257417
0.6190298716360291
0.3847262206928246
0.4342534227296484
0.2370708534631929
0.11580490435183144
0.5010144459702879
0.5338231895308839
0.6741766054757362
0.5520211453078951
0.49508426221056434
0.13330268810421042
0.232685942194499
0.29682440205405625
0.22958550956896806
0.4794272211031909
0.07399009210695551
0.6896302101468007
0.131425832070305
0.6902082742186454
0.18990607645960256
0.20398046644766032
0.22174198666214606
0.31603832721244274
0.3803495889551599
0.817740605175265
0.4380629943952563
0.42713684716755307
0.21878706126418446
0.6265421314619227
0.48135552123269576
0.4207304617047103
0.4804278883359191
0.9224874058662611
0.9224874058662611
0.9547898994673641
0.4446791362530259
0.02737098047718367
0.16170582095767416
0.41167473878910643
0.5051610359964405
0.025124276672565893
0.5435722113915207
0.70936476678906
0.20680809787095888
0.1370463715379291
0.6670518608035304
0.2625697521396544
0.4791232621221906
0.3561688210345264
0.40427859461370486
0.14535093079005112
0.4236967658838645
0.5537221220711359
0.46741971388483083
0.525255487642666
0.5826301141939025
0.725670378743884
0.07786849670043183
0.44345563797198007
0.7389098351043938
0.206621553035518
0.45882275247886906
0.2912545137888358
0.2660634276668554
0.7967626275486963
0.8495275627648083
0.3960724314381836
0.7106673177998358
0.5014367928146491
0.029050621808625054
0.49037582485344333
0.24536014041895415
0.13631769449706432
0.7354946325392158
0.2598591962077761
0.7411210800950268
0.0
0.5302842885732318
0.36175433412822167
0.5382817963540133
0.3572447915455885
0.38024964563072916
0.24894317392450427
0.14445861721136133
0.3020073612939427
0.14955610906683892
0.16801733903151606
0.7458171650717313
0.2189087415923745
0.027671475605462237
0.7602816563431513
0.7023691820842539
0.4842488211048248
0.7404926846560684
0.4343318565737352
0.373132696238219
0.7531275549601592
0.8570391541015411
0.702221734630517
0.12116224597284841
0.8838860043316497
0.6003568360600241
0.7521490862688806
0.2692042551713306
0.5775735624702624
0.11175812134279872
0.7218728429253392
0.42652598778172424
0.4184253964436524
0.5016519845666544
0.8738208880563777
0.03069503860934797
0.08366928519144723
0.26912666846901667
0.3520189681689525
0.4214631054029221
0.7803989268659454
0.4902811367748079
0.4364931010645351
0.0
0.19511674260634682
0.7765283276583961
0.2386627447235733
0.0
0.5992048513326195
0.2672415877796348
0.10656972213007898
0.44326496376353464
0.6414541101406964
0.29303865641948756
0.09768821377801418
0.2516123486808004
0.20706762463632966
0.5842943898753764
0.4877497058119843
0.23822036880655617
0.268998943226757
0.5186528537361133
0.6026091530275826
0.7302744833376048
0.6911757182982853
1
0.17870215304295967
0.21336621539961254
0.657824850718491
0.7877973267028341
0.765375954676849
0.4435000640217046
0.6191336331908851
0.6465025805291077
0.26584050632813416
0.34168581290210387
0.42138194241847926
0.27755144744352545
0.1356149321480915
0.5523409812240212
0.0
0.8684546462012313
0.5523317684852251
0.6666623205014484
0.2296587636548758
0.41291994311875646
0.46138003854756837
0.08840696838573092
0.3955625633701958
0.6060279646135658
0.6401749280095538
0.4442112911043904
0.24356099276802512
0.8361786819834479
0.5014811475568947
0.17843424142570308
0.4335941549384893
0.31738876866414745
0.431441343397148
0.2874897829446993
0.4981230716656089
0.045777004049381786
0.0
0.1320874812954297
0.925836802166145
0.38370004751030096
0.12078883320933298
0.27496418953655377
0.7732878523834673
0.6400747150447937
0.1885011727587813
0.1168258466098342
0.42106751127689424
0.11913452279613923
0.18753818822695623
0.3588016761310989
0.4162831331820237
0.7148279381791166
0.33716611622476667
0.49376767275429534
0.19761876927718314
0.6829703039297056
0.3438564827267936
0.6026762233758253
0.3090868315471569
0.598807279645913
0.2578414411043981
0.12127308838898343
0.15521884254719498
0.43851809255397944
0.4236963064393293
0.8414354981598662
0.26896821817856287
0.10604997213864098
0.12826433970727547
0.3789137091031417
0.39099765288193955
0.8354852593061717
0.6556333640844025
0.5258416315121687
0.4909423726776718
0.683493008149767
0.9442375003666461
0.06057021049599287
0.35071646321018646
0.8061058713850233
0.38309033916680013
0.5464032501585723
0.5200616240220035
0.12008156282480476
0.6005332317611167
0.30344365275620166
0.4399669644978109
0.6007833816461675
0.494311405945395
0.24220289377606963
0.4858505597229069
0.21200402255937567
0.2958856170350861
0.613921881882663
0.46472303148979643
0.04108432590736166
0.07584691970454271
0.3105315295230331
0.16439162939689345
0.7156921913805129
0.18273648611604398
0.5328807284565801
0.12681627892770897
0.3812370274964674
0.3308386646165804
0.10403709500149494
0.8957973008998779
0.5594798494275433
0.6200905533772403
0.1511448698599831
0.5583522162762752
0.41064210171690974
0.7893326959593977
0.2940087297045795
0.28127181886079
0.6065016232602102
0.15988872347622496
0.6388086357837551
0.19324069944288824
0.17177870679230256
0.7001186058313359
0.17941753121013126
0.858155918159225
0.6776505891653761
0.471329194916406
0.12917962149632067
0.6047329964835679
0.404042755705857
0.5113627727874944
0.43698948686969064
0.5424275282215648
0.7953535497583114
0.37063087825803165
0.1317529148881348
0.7096884241564922
0.4728485872724436
0.27657607157559627
0.32055766773956273
0.5518824710742061
0.28399101599386856
0.7333525486051689
0.6650825069461671
0.42383827268096486
0.20946301462687145
0.8196842755822137
0.13923863898238786
0.4838739445404805
0.5343613170148327
0.40118642881052513
0.9609892017441979
0.3821679807503915
0.5005220155152821
0.2300498502616355
0.3878095879478707
0.5304814337868271
0.07231051833348623
0.4753683232864965
0.2551502434997057
0.7067111484037727
0.22488087301158277
0.8882332665100864
0.129561783046782
0.11220284404413661
0.787842007370621
0.0
0.2699246575524249
0.02056976307552294
0.17776694303740692
0.0
0.5885445566329779
0.3229227628941369
0.04802576779929324
0.2881595794373193
0.7881372488768864
0.44959108580528784
0.06840451502674949
0.0
0.1795767241930354
0.17411273558473916
0.26367903962006656
0.6476987212550313
0.34711307767211497
0.310916994372203
0.13610114569283527
0.46409119045123526
0.4664408107001561
0.6013899183904728
0.2691284722847146
0.456428252633148
0.4898838429661636
0.2571133255757265
0.37024944429130024
0.7595827711280801
0.468428770892247
0.6943544709154633
0.0420000059055492
0.2739183306639176
0.4016939472093839
0.39996633706867657
0.6646182747030185
0.4752995758243288
0.1890604005782125
0.43504837468503643
0.7237356239834555
0.0
0.17618906204275964
0.21624482699195668
0.8508008191534017
0.29558931444978276
0.2886336800710091
0.13994196310229112
0.6773961882850291
0.16053960824863256
0.3087841634062759
0.5650474933300592
0.474653942668547
0.6784440363962614
0.07754661645613492
0.10425749579798382
0.6829703039297056
0.6797268206875284
0.6023439193282948
0.4623389110885494
0.12932540849915963
0.6089113054400129
0.12052381130418044
0.0
0.4377950266090709
0.561277415963496
0.4434329005994684
0.6018050374072967
0.5158388788555384
0.10542582589733973
0.34574667982475593
0.27610518386919813
1
0.6882382041196047
0.5225995067287683
0.6988799928184926
0.38389580557086833
0.4539778084800328
0.9147078048189101
0.4397138083751493
0.30187098674934143
0.6936637018053612
0.5934669815086736
0.49585973541264505
0.3579500710623805
0.3853799638747679
0.20387633688221174
0.20469527054060876
0.14262141176774956
0.14115886025567725
0.5092018151706478
0.6301854069379156
0.5355141308042659
0.22096104773624803
0.2780106585619855
0.7944865004810837
0.9746045908857186
0.37844932627945593
0.055134763900661965
0.2581291344033634
0.5739830803856731
0.6380228197270293
0.4480142580272639
0.36223956713892336
0.7539147855861728
0.28453494561965176
0.5375822469863479
0.6740899028632698
0.5354066645701144
0.13254834482136013
0.7245506286352565
0.29762021206165323
0.5364301547238456
0.2131104726002
0.2904234895481518
0.770453436053787
0.2841830888924938
0.5121255160713413
0.8453078291750747
0.5588241585161321
0.7525151883265809
0.21193851885920523
0.2551979015947138
0.5978252972984585
0.3411892485770359
0.1882328500328373
0.1430861878004276
0.15094850617644495
0.6301854069379156
0.29918588848241245
0.8270591553618473
0.7328534303433899
0.20537975389373442
0.19502443537703784
0.32537081566945525
0.5298785347612107
0.2145390586061
0.6229300763320306
0.2212609162243626
0.7231815625856859
0.20709178614795787
0.4005755202205774
0.2814046392134628
0.4405653194393564
0.5688657073320661
0.8457121810014789
0.10196176567811677
0.7160412429513284
0.47150347189476993
0.37980133084636647
0.5204240970858651
0.7221842851449993
0.33975319263505765
0.5462058562402748
0.21619979681559154
0.20856356730488868
0.7156404184985568
0.4459746437644928
0.7620491920356366
0.6286438399489862
0.5296802292168724
0.25661964554149663
0.5412373270883892
0.16525142129709502
0.8382539594407888
0.6425142849295408
0.09819546575051297
0.2824065365040609
0.2062825776632422
0.39330356675618827
0.23849259032517356
0.0
0.5153815181892007
0.3796386126540613
0.13687812097524854
0.19360560890694256
0.16214408052073193
0.4023021768880083
0.19704948648709375
0.8443119137298867
0.6221510242619307
0.05562138302082986
0.18469677158897557
0.7004845192601366
0.31261130503216017
0.5941148527650896
0.10289437090841114
0.7640396594978518
0.23302325189423656
0.4119804023391449
0.10137935682919919
0.6465856690454281
0.5763092292051283
0.5678360042497393
0.731805896564942
0.115954162059827
0.24920717681745663
0.20179329740083496
0.6108496800543357
0.04380648440439905
0.06045067258844561
0.5797899732201001
0.05002657363621088
0.5768546800270813
0.7291406742575385
0.5208884203375878
0.4783668189056518
0.8024510002208536
0.1406881054254724
0.6180422214977385
0.538428437323921
0.2408876213293526
0.3180556533929466
0.6231259332293066
0.18335122185014907
0.44014646142567093
0.08589417658908516
0.352208502435331
0.4189353848761721
0.7980319990286865
0.128439751233416
0.20009590848740988
0.32161742337274923
0.3945087355311525
0.033723295481649096
0.6001216884315331
0.590609962393266
0.2914639801755017
0.8938922442863635
0.8868002772618196
0.5257322245173244
0.7417286091576805
0.48654309099852844
0.5880976750853476
0.0935576484401921
0.8017415954563669
0.4512343945691496
0.2304338508537861
0.39325368245107417
0.5101610780394746
0.538605377639365
0.6504377277370431
0.5134585971247564
0.7413462880089868
0.10541158141049278
0.49004959298369855
0.20541940461555008
0.7416968686240845
0.5361793300691021
0.39688531114435666
0.402130165390718
0.43060586928299505
0.5258948210128569
0.40192841611410746
0.4486896497115652
0.4134588392787566
0.6921602786040789
0.14283875657714162
0.7229579752135656
0.1313352573904355
0.47352897077852807
0.7389069259229469
0.23343376112668301
0.45350978886532345
0.42018945636522487
0.25464734065145156
0.0748274358513299
0.2844535943872517
0.5873307128199026
0.7983436799717777
0.4634230667905055
0.7316139651634229
0.6762418059523498
0.9477702970944959
0.5799256697355917
0.5860509507303724
0.652644110964403
0.06353959461636949
0.7396009842797293
0.5503435229745334
0.8814409366212226
0.9685718035677647
0.5777295765448045
0.855443490285806
0.7605184538133549
0.12647504988577274
0.7154931005312616
0.11869401463145035
0.6415750785994353
0.5954179007452439
0.3353323741412684
0.16287702211923227
0.8019752836879683
0.8493636065872135
0.32693496720818715
0.11689970596767418
0.3603052533644706
0.7241024916750294
0.4058402732281048
0.3057906041815721
0.23368210249115073
0.6674864072272026
0.23989387094391934
0.5861308600654616
0.4867708593849627
0.8923421841866324
0.34243437572175783
0.5964558362705548
0.3085209505117139
0.5815041762845564
0.11484224491269224
0.5112607518887256
0.0
0.31835640370062435
0.07536767845332504
0.6852994251146007
0.4695756364546948
0.5556841942350267
0.036108354179945956
0.7063414851090044
0.15660198493364585
0.23993291105084324
0.20253193898265787
0.7619426350741545
0.27632574823776124
0.3314947487357274
0.4213428210404173
0.8434496538435962
0.039027413098757124
0.37979623357361303
0.2210099019983045
0.08846351730457158
0.42013026505159146
0.3459596977793422
0.7885580225097819
0.4149349070472542
0.3177944333484355
0.4300409213880355
0.16912117691425255
0.4966765123174848
0.2979045899348478
0.839097321673897
0.4367021118973091
0.8510507857226756
0.7795783362458727
0.6234177765572051
0.7883155297362323
0.669008418144654
0.15897028073788178
0.42370303406657417
0.6364160897556409
0.283413343246264
0.16829709285743877
0.6226145592265266
0.5148270428063856
0.2715463607109134
