1.5097780227661133
1.871523380279541
1.5268990993499756
0.9919099882245064
1.1353487521409988
0.770222395658493
1.2253898680210114
1.393200159072876
1.0560039728879929
1.376027762889862
1.2414553761482239
0.6457386016845703
1.3779985904693604
0.9584590345621109
1.0932017713785172
1.3779985904693604
1.085640773177147
1.3687843978404999
1.056329172104597
1.101890854537487
0.9151145666837692
1.040426880121231
1.1004760563373566
1.427167683839798
0.9121653214097023
1.2414553761482239
1.4080871045589447
1.3892590999603271
1.734100580215454
1.3863281309604645
1.0018565133213997
1.45823734998703
1.0048558861017227
1.0833785757422447
0.6046493947505951
0.8111687153577805
1.4221875071525574
1.3197939991950989
1.495466262102127
1.4710755348205566
1.130887120962143
1.3174369037151337
0.6784387230873108
1.558843970298767
1.1643814742565155
1.5877444744110107
1.0147337056696415
0.9574424773454666
1.4925704300403595
1.1852282881736755
1.0525121800601482
1.3693525791168213
1.2521517276763916
0.6834195852279663
1.3645492196083069
1.0967478603124619
0.7228334248065948
1.188050165772438
1.2479366660118103
1.297100156545639
1.5609700679779053
1.455793857574463
1.6006065011024475
1.3417673408985138
0.9352809116244316
1.2098903954029083
1.6394730806350708
1.1091383397579193
1.2511562705039978
1.3333065509796143
1.2939623892307281
0.770222395658493
1.590595781803131
1.2231079041957855
1.3889334797859192
1.0780242457985878
1.3197939991950989
1.445910006761551
1.6723353266716003
1.3952666521072388
1.4881522357463837
0.8020193576812744
1.601759135723114
1.1683452874422073
1.198351889848709
1.152773380279541
1.5163089036941528
1.6710431575775146
1.2758411169052124
1.3264655470848083
1.5018985867500305
1.4259444773197174
1.2513250708580017
1.2680306136608124
1.086687758564949
1.2177357375621796
0.99123590067029
1.2356718182563782
1.5992199778556824
1.4827324748039246
1.0793323814868927
0.785671278834343
1.3211726546287537
1.1050475537776947
0.9871629178524017
1.4806150197982788
1.181429922580719
0.7453519403934479
0.8952363058924675
1.4588766396045685
1.0796356201171875
0.4466487169265747
1.6911261677742004
1.2253898680210114
0.9565465785562992
1.182370901107788
1.2410092949867249
1.4792690575122833
1.0057090818881989
1.6702668070793152
1.556677222251892
1.8242595195770264
1.8242595195770264
1.6955480575561523
1.0843517109751701
1.152773380279541
1.39723339676857
1.4302306771278381
1.5146775245666504
1.3793646395206451
0.7456067800521851
0.8990103974938393
1.5294731855392456
1.7709813117980957
0.99123590067029
1.2158899754285812
1.2753535509109497
1.3157328367233276
1.3795402348041534
1.4021873772144318
1.54000985622406
1.5948536396026611
1.270971029996872
1.3451584577560425
1.390706330537796
1.4881522357463837
1.4926702976226807
1.2471910119056702
1.4179373979568481
0.9811085313558578
1.1050475537776947
1.2119473069906235
1.3746298551559448
0.5386591851711273
1.6278240084648132
1.081702545285225
1.871523380279541
1.4219980835914612
1.0872175097465515
0.5664544701576233
1.4420587420463562
1.2417737245559692
1.093155600130558
1.385401964187622
1.0862696766853333
1.4526388049125671
1.0580933131277561
1.2620803117752075
1.6540651321411133
1.4314359426498413
0.7421926259994507
1.1564113795757294
1.6272777915000916
1.188050165772438
1.054365187883377
1.4065524339675903
0.8778081387281418
1.078513152897358
1.4752753674983978
1.7563496232032776
1.3956010341644287
1.5944647789001465
1.28836989402771
1.445910006761551
0.7462329566478729
1.5797074437141418
1.0
1.4179373979568481
1.3779985904693604
1.5610374808311462
1.4468965828418732
1.4665820598602295
0.821749210357666
1.0861972868442535
1.7187094688415527
1.395890235900879
1.158919557929039
1.3079990148544312
1.3783585727214813
1.1154018193483353
0.7992043644189835
1.0376140996813774
0.9955806657671928
1.338471233844757
0.9231522530317307
0.9366360157728195
0.8423956483602524
1.0756315290927887
1.369887113571167
0.9811085313558578
1.0793323814868927
1.4313356578350067
1.3143563866615295
0.7047863602638245
1.0129425004124641
0.543815404176712
1.4588766396045685
1.2431217730045319
0.5676601827144623
1.220222383737564
1.189501404762268
1.3560703992843628
1.271231472492218
0.5939107537269592
1.39611154794693
0.5858040452003479
1.2194828689098358
1.2670374512672424
1.1161131113767624
1.414322942495346
0.8990103974938393
1.09684419631958
1.655993640422821
0.9690165370702744
1.1811314523220062
1.3783585727214813
1.4397957921028137
1.6328985691070557
0.9055850952863693
1.695706069469452
1.8501207828521729
1.647996962070465
1.4730961322784424
1.4539213180541992
1.0483880937099457
0.8226760774850845
0.8920061215758324
1.3779985904693604
1.2804925441741943
1.1376551389694214
1.000740885734558
1.1353487521409988
1.0994200706481934
1.5651387572288513
1.3874873518943787
1.1515758037567139
1.0935521498322487
1.563899040222168
1.3783585727214813
1.002585008740425
1.412430614233017
1.3779985904693604
0.7966266572475433
0.9231522530317307
1.2410092949867249
1.409871220588684
1.0571007654070854
1.2296124398708344
1.6249026656150818
1.632280945777893
1.4697034358978271
0.37007343769073486
0.9955874271690845
1.4052810668945312
1.0486138761043549
1.4427384436130524
1.4102571904659271
1.6307673454284668
1.3162609338760376
1.7249867916107178
1.0147337056696415
1.3726650476455688
1.1595419347286224
0.6622954308986664
1.1052354276180267
1.085640773177147
1.3783585727214813
0.33455073833465576
1.171514868736267
1.70704984664917
1.446893721818924
1.822708547115326
1.6249026656150818
1.7613287568092346
1.1870827376842499
0.7453519403934479
1.395890235900879
1.2955945432186127
1.6045966744422913
1.2177357375621796
1.3743966817855835
1.6861749291419983
1.5439463257789612
1.660684585571289
1.3143563866615295
1.597917079925537
1.0497161224484444
1.1928964406251907
1.068016640841961
1.3779985904693604
1.3779985904693604
0.713596910238266
1.4335912466049194
1.594996452331543
1.2602063715457916
1.590899646282196
0.918226532638073
0.9240188598632812
1.003440959379077
1.369887113571167
1.590595781803131
1.1640065014362335
1.6853387951850891
1.2497995793819427
1.2436926662921906
1.1152149215340614
0.9506905004382133
0.4130041003227234
1.4500667452812195
1.1154018193483353
1.199437990784645
1.647996962070465
1.1300013661384583
1.7433998584747314
0.6157900094985962
1.4260483384132385
1.5403769612312317
1.1152149215340614
1.4805856049060822
1.3769197463989258
1.2812860012054443
1.4500667452812195
1.392965853214264
1.0485734231770039
1.250814527273178
1.5106323957443237
1.4881522357463837
0.646789014339447
0.9773681685328484
1.217603623867035
1.6608317494392395
1.224500522017479
1.5833467245101929
1.4052810668945312
0.7506589889526367
1.4260538816452026
1.6183916926383972
0.7632912844419479
0.7180164754390717
0.7799039334058762
0.9622995853424072
0.7020695209503174
1.517851173877716
1.230558454990387
1.5403769612312317
0.914156898856163
1.6544097661972046
1.4270355999469757
1.477393925189972
1.074986308813095
1.189733237028122
1.0745535045862198
1.5715959072113037
1.1228594109416008
1.6307673454284668
0.9512303471565247
1.2000636458396912
1.544924795627594
0.7989878058433533
1.0553287528455257
1.045476220548153
0.9245560020208359
1.5831342339515686
1.500144362449646
0.9759404119104147
1.323129415512085
1.240884393453598
1.1300013661384583
1.3956010341644287
1.3794350028038025
1.0720743387937546
1.7709813117980957
1.6769468784332275
1.4151498079299927
1.5163089036941528
1.4103426337242126
1.0570495799183846
1.7772512435913086
0.8181114792823792
1.4032633900642395
1.4391381442546844
1.271231472492218
1.2016596496105194
1.189733237028122
1.7062684893608093
1.5619816780090332
1.4543146789073944
1.256135880947113
1.5361887216567993
1.632280945777893
1.7008863687515259
1.4391381442546844
1.1438619643449783
1.49211585521698
0.9398191571235657
0.9231522530317307
1.1217470318078995
1.459084928035736
1.5154792070388794
1.5432667136192322
0.6830867826938629
1.6853387951850891
1.1784975677728653
1.0994200706481934
1.1300013661384583
0.9914660006761551
1.5948991775512695
1.2329477220773697
0.9442646093666553
1.6769468784332275
1.5049043893814087
1.2364913821220398
1.3491847515106201
1.475599765777588
0.5540117919445038
0.9805201515555382
1.0380276963114738
1.5125032663345337
1.136713057756424
0.8854285180568695
1.597917079925537
1.4101840257644653
1.0307099148631096
1.5402029156684875
1.1354704201221466
1.5411710143089294
1.5072262287139893
1.822708547115326
1.7515594959259033
1.3889334797859192
1.1082027703523636
1.4270355999469757
0.9021896570920944
1.3320088386535645
1.431610256433487
1.3158507943153381
1.4863304495811462
1.5804333686828613
1.6307673454284668
1.4588766396045685
1.556597352027893
1.3779985904693604
1.0629864484071732
0.6157900094985962
1.0580933131277561
1.3235526978969574
1.1093089878559113
1.49211585521698
1.5471290946006775
1.4951815009117126
1.285971760749817
1.3779985904693604
0.7187514007091522
1.3779985904693604
1.338471233844757
1.6258987188339233
1.470098465681076
1.030065394937992
0.8159773051738739
1.632280945777893
0.9078041017055511
1.2078430652618408
1.4804837107658386
1.4248734414577484
1.208818793296814
1.0393428951501846
1.2414553761482239
1.4752753674983978
1.3009966611862183
1.2368033826351166
1.2753535509109497
1.376027762889862
1.2415832579135895
0.9417266994714737
1.23898047208786
0.9021896570920944
1.0282143354415894
0.8889525011181831
0.8780694603919983
0.9312504157423973
1.1155917197465897
1.5158778429031372
0.9330982193350792
0.7992043644189835
1.580053448677063
1.3233045041561127
1.0688519477844238
0.9178832769393921
1.3087561130523682
1.0553287528455257
1.8824421763420105
1.5877444744110107
1.3222110569477081
1.6955480575561523
1.3287264704704285
1.3909003138542175
1.1093089878559113
1.1241794303059578
1.0956770405173302
1.3242036998271942
1.419091910123825
1.5758439898490906
1.2479366660118103
1.1180954277515411
1.1856565475463867
1.450227677822113
1.3783585727214813
1.5883688926696777
1.4720115661621094
1.2753535509109497
1.3242036998271942
1.1658297777175903
1.210691660642624
1.2517858743667603
1.2204308360815048
0.5540117919445038
1.163543626666069
1.4486165940761566
1.632280945777893
1.3456349968910217
1.421366423368454
1.0941609218716621
1.6006065011024475
1.7395744919776917
1.3779985904693604
0.8780694603919983
1.3041390776634216
1.1366951763629913
1.478596031665802
1.3428807258605957
1.3779985904693604
1.7094605565071106
1.4708481431007385
1.3783585727214813
1.2323211133480072
1.0968977734446526
1.5750173926353455
1.659191608428955
1.4216751456260681
1.181429922580719
1.108226701617241
1.1722699403762817
1.3102933466434479
1.1286675781011581
1.4403872787952423
0.7900543212890625
1.5031072497367859
0.5718957781791687
0.7421926259994507
0.5420113801956177
1.031976193189621
1.0529985800385475
1.1385685503482819
1.2316251993179321
1.5293219685554504
0.9395513236522675
1.0846466422080994
1.1595419347286224
1.271231472492218
1.5552817583084106
1.2708614468574524
0.542975902557373
0.6834195852279663
1.5226681232452393
1.5570383071899414
1.0007336530834436
1.7314768433570862
1.1784975677728653
1.1803685426712036
1.080870546400547
1.1844252049922943
1.577296793460846
1.3382820188999176
1.1397777050733566
1.291319191455841
1.8531309366226196
0.9838653616607189
1.3235526978969574
1.7400411367416382
1.8531309366226196
1.6225379705429077
1.0793323814868927
1.3391222655773163
1.3595111966133118
0.840413510799408
1.4234720170497894
1.3779985904693604
1.0603310763835907
1.2166974693536758
1.2134143859148026
1.650359332561493
1.2725065052509308
1.2504200339317322
1.1558097004890442
1.182370901107788
1.3234063982963562
1.0822794809937477
0.589060515165329
1.4903577864170074
0.9574424773454666
1.2017091810703278
1.6906186938285828
1.0571782179176807
1.3726650476455688
1.2652462720870972
1.74722558259964
1.385401964187622
1.4043341875076294
0.9932186054065824
1.0151538141071796
0.8279031664133072
1.4398558139801025
1.3233045041561127
1.3779985904693604
1.2843480110168457
1.6307673454284668
1.1562581360340118
1.2471689879894257
1.2856301367282867
1.5982292890548706
1.3534991145133972
0.9698007628321648
1.5045583844184875
1.3568454682826996
1.2818428575992584
1.4995384812355042
1.2986218929290771
1.4551578164100647
1.2412322908639908
1.4588766396045685
0.9773997440934181
0.8663259446620941
1.5992199778556824
1.181429922580719
1.2758411169052124
0.9240188598632812
1.0389479622244835
1.8531309366226196
1.2471689879894257
1.3116698861122131
1.5848000645637512
1.2863153219223022
1.0048558861017227
1.3406481742858887
1.5471290946006775
1.3037908375263214
1.4926702976226807
0.8067496716976166
0.585174173116684
1.429640769958496
1.497368335723877
1.2587088644504547
1.199437990784645
1.4383438527584076
1.2830886840820312
1.2078155130147934
0.37007343769073486
1.5196313858032227
0.9563874155282974
1.6759719848632812
1.323129415512085
1.3534991145133972
1.6207642555236816
1.551038682460785
1.189501404762268
1.1373738795518875
1.6868971586227417
1.4687191247940063
1.0830898210406303
1.5648898482322693
1.5432580709457397
1.5304620265960693
1.3279091715812683
1.2146564722061157
1.7984095811843872
1.4226436018943787
0.7799039334058762
1.4364497065544128
1.0994200706481934
1.1667195409536362
1.0195198580622673
1.3417673408985138
1.2188802361488342
0.7419623136520386
1.1008368879556656
0.8895993679761887
1.4710064828395844
1.3174369037151337
1.0961406603455544
1.230558454990387
1.2182020992040634
1.6276190280914307
0.9055850952863693
1.5445249676704407
1.1698097437620163
1.4708481431007385
0.9121653214097023
1.3098114728927612
1.6225379705429077
0.9870906043797731
1.3795402348041534
1.2167468070983887
0.4130041003227234
1.1755834221839905
1.3279091715812683
1.2812860012054443
1.2095525562763214
1.337800145149231
1.2954516410827637
0.8004406839609146
1.437108427286148
0.9231522530317307
1.0806415379047394
1.5558702945709229
1.1082027703523636
1.5066474080085754
1.0382385402917862
1.4383438527584076
1.2517858743667603
0.7456067800521851
1.4052810668945312
1.0048558861017227
1.6114858388900757
1.3352908194065094
1.2177357375621796
0.9447355642914772
0.8929306268692017
1.6307673454284668
1.1475511938333511
1.2804925441741943
